1e-05 4.441282722652293e-14
1.0108894722545463e-05 4.2993307942243984e-14
1.021897525115075e-05 4.161916653273408e-14
1.0330254498618051e-05 4.028895232332395e-14
1.0442745518363155e-05 3.9001261016464346e-14
1.0556461505946679e-05 3.775473320907074e-14
1.0671415800621871e-05 3.654805295726897e-14
1.0787621886899468e-05 3.537994638702308e-14
1.0905093396129397e-05 3.4249180349183154e-14
1.1023844108099783e-05 3.3154561117529706e-14
1.114388795265338e-05 3.209493312844104e-14
1.126523901132157e-05 3.106917776085322e-14
1.1387911518976189e-05 3.007621215522406e-14
1.1511919865499308e-05 2.911498807025443e-14
1.1637278597471223e-05 2.818449077615971e-14
1.1764002419876834e-05 2.7283737983322714e-14
1.1892106197830498e-05 2.6411778805198012e-14
1.2021604958319891e-05 2.5567692754370156e-14
1.2152513891968631e-05 2.4750588770709093e-14
1.2284848354818211e-05 2.3959604280594263e-14
1.2418623870129313e-05 2.319390428621512e-14
1.2553856130202732e-05 2.245268048398632e-14
1.269056099822014e-05 2.1735150411146768e-14
1.2828754510104885e-05 2.104055661964163e-14
1.2968452876403056e-05 2.0368165876414935e-14
1.3109672484185065e-05 1.9717268389268358e-14
1.3252429898967786e-05 1.9087177057469698e-14
1.3396741866657915e-05 1.8477226746317695e-14
1.3542625315516205e-05 1.788677358490013e-14
1.3690097358143234e-05 1.7315194286301496e-14
1.3839175293486772e-05 1.6761885489543643e-14
1.3989876608870998e-05 1.622626312256416e-14
1.4142218982047825e-05 1.57077617855602e-14
1.4296220283270552e-05 1.5205834154046433e-14
1.4451898577390138e-05 1.4719950400996968e-14
1.4609272125974144e-05 1.4249597637461552e-14
1.4768359389449056e-05 1.3794279371064172e-14
1.4929179029265629e-05 1.335351498181411e-14
1.5091749910087971e-05 1.292683921467461e-14
1.5256091102006424e-05 1.2513801688354083e-14
1.5422221882774553e-05 1.2113966419800946e-14
1.5590161740070482e-05 1.1726911363900206e-14
1.575993037378287e-05 1.1352227967885748e-14
1.5931547698321758e-05 1.0989520739997872e-14
1.6105033844954612e-05 1.0638406831930602e-14
1.6280409164167808e-05 1.0298515634627998e-14
1.6457694228053674e-05 9.969488387002915e-15
1.6636909832723872e-05 9.650977797164276e-15
1.6818077000748704e-05 9.34264767575415e-15
1.700121698362318e-05 9.044172581006533e-15
1.7186351264259864e-05 8.75523747515359e-15
1.737350155950891e-05 8.475537391816326e-15
1.7562689822705497e-05 8.204777114028715e-15
1.775393824624505e-05 7.9426708625552e-15
1.7947269264186502e-05 7.688941994172526e-15
1.814270555488373e-05 7.443322709597563e-15
1.8340270043646038e-05 7.205553770752112e-15
1.853998590542721e-05 6.975384227067049e-15
1.8741876567544037e-05 6.752571150536238e-15
1.894596571242444e-05 6.536879379240586e-15
1.915227728038547e-05 6.328081269071616e-15
1.9360835472441603e-05 6.125956453392256e-15
1.957166475314359e-05 5.93029161038119e-15
1.978478985344823e-05 5.740880237815076e-15
2.0000235773619424e-05 5.557522435050864e-15
2.0218027786160636e-05 5.380024691978172e-15
2.0438191438779678e-05 5.208199684718432e-15
2.066075255738537e-05 5.041866077855776e-15
2.0885737249117066e-05 4.880848332990323e-15
2.111317190540707e-05 4.724976523411961e-15
2.1343083205076464e-05 4.574086154698921e-15
2.1575498117464616e-05 4.428017991051713e-15
2.1810443905592765e-05 4.286617887179098e-15
2.2047948129362098e-05 4.149736625558546e-15
2.2288038648786463e-05 4.017229758899498e-15
2.2530743627260676e-05 3.888957457642794e-15
2.2776091534864026e-05 3.7647843623356685e-15
2.3024111151699934e-05 3.644579440726143e-15
2.327483157127196e-05 3.528215849426063e-15
2.3528282203896562e-05 3.415570799996672e-15
2.378449278015303e-05 3.3065254293153817e-15
2.404349335437096e-05 3.2009646740868373e-15
2.430531430815575e-05 3.098777149365798e-15
2.4569986353952438e-05 2.9998550309635773e-15
2.4837540538648434e-05 2.9040939416138653e-15
2.5108008247215215e-05 2.8113928407778543e-15
2.5381421206390184e-05 2.721653917972064e-15
2.565781148839812e-05 2.634782489506585e-15
2.593721151471341e-05 2.550686898524455e-15
2.621965405986318e-05 2.4692784182367476e-15
2.6505172255271863e-05 2.3904711582511653e-15
2.6793799593147613e-05 2.3141819738952663e-15
2.7085569930411068e-05 2.2403303784385613e-15
2.7380517492666908e-05 2.1688384581208275e-15
2.767867687821842e-05 2.099630789896951e-15
2.7980083062126333e-05 2.0326343618113178e-15
2.8284771400311255e-05 1.9677784959179005e-15
2.859277763370113e-05 1.9049947736644815e-15
2.890413789242373e-05 1.8442169636623108e-15
2.9218888700044856e-05 1.785380951764928e-15
2.953706697785267e-05 1.7284246733823071e-15
2.985871004918867e-05 1.6732880479588928e-15
3.018385564382585e-05 1.6199129155463191e-15
3.0512541902394585e-05 1.568242975403852e-15
3.084480738085639e-05 1.518223726561789e-15
3.118069105502705e-05 1.469802410284902e-15
3.1520232325148346e-05 1.4229279543753914e-15
3.18634710205099e-05 1.377550919256384e-15
3.2210447404121284e-05 1.3336234457791137e-15
3.256120217743498e-05 1.2910992046986786e-15
3.291577648512083e-05 1.24993334776501e-15
3.32742119198924e-05 1.2100824603774442e-15
3.363655052738603e-05 1.1715045157528756e-15
3.400283481109265e-05 1.1341588305591595e-15
3.437310773734396e-05 1.0980060219668178e-15
3.474741274035229e-05 1.063007966073831e-15
3.512579372730563e-05 1.0291277576595308e-15
3.550829508351804e-05 9.963296712251385e-16
3.5894961677636245e-05 9.645791232797996e-16
3.6285838866902864e-05 9.338426358323127e-16
3.668097250247694e-05 9.040878010499976e-16
3.708040893481244e-05 8.752832470473893e-16
3.748419501909531e-05 8.473986047686425e-16
3.789237812073983e-05 8.204044759286707e-16
3.8305006120944395e-05 7.942724019792104e-16
3.8722127422308646e-05 7.6897483406695925e-16
3.914379095451088e-05 7.444851039521823e-16
3.9570046180047785e-05 7.207773958569951e-16
4.000094310003653e-05 6.978267192136422e-16
4.043653226008006e-05 6.7560888228398765e-16
4.087686475619627e-05 6.541004666223651e-16
4.1321992240811704e-05 6.332788023548306e-16
4.1771966928820686e-05 6.131219442487071e-16
4.2226841603709905e-05 5.936086485471868e-16
4.268666962375062e-05 5.747183505444678e-16
4.3151504928257436e-05 5.564311428778305e-16
4.362140204391561e-05 5.387277545136775e-16
4.409641609117724e-05 5.215895304053713e-16
4.457660279072704e-05 5.049984118013906e-16
4.506201847001859e-05 4.889369171830146e-16
4.5552720069881705e-05 4.733881238114084e-16
4.6048765151201794e-05 4.583356498646319e-16
4.655021190167192e-05 4.437636371457041e-16
4.705711914261853e-05 4.29656734343473e-16
4.756954633590095e-05 4.16000080828627e-16
4.8087553590887096e-05 4.027792909677045e-16
4.861120167150407e-05 3.899804389385923e-16
4.9140552003366065e-05 3.77590044031441e-16
4.9675666680979805e-05 3.6559505641949438e-16
5.021660847502842e-05 3.5398284338480884e-16
5.076344083973466e-05 3.427411759843185e-16
5.131622792030435e-05 3.318582161421677e-16
5.1875034560450476e-05 3.213225041546924e-16
5.243992631000013e-05 3.1112294659483445e-16
5.301096943258333e-05 3.012488046032514e-16
5.358823091340604e-05 2.9168968255373565e-16
5.41717784671078e-05 2.824355170809836e-16
5.476168054570479e-05 2.7347656645913416e-16
5.5358006346619574e-05 2.648034003198559e-16
5.5960825820798083e-05 2.5640688969913415e-16
5.657020968091516e-05 2.482781974022448e-16
5.7186229409669346e-05 2.404087686767456e-16
5.7808957268168175e-05 2.3279032218363495e-16
5.8438466304404146e-05 2.254148412571544e-16
5.907483036182419e-05 2.1827456544398602e-16
5.97181240879913e-05 2.1136198231294154e-16
6.036842294334103e-05 2.0466981952647304e-16
6.102580321003326e-05 1.9819103716564494e-16
6.169034200090031e-05 1.9191882030046162e-16
6.236211726849259e-05 1.8584657179770697e-16
6.30412078142226e-05 1.799679053587038e-16
6.372769329760878e-05 1.7427663877963993e-16
6.442165424561934e-05 1.6876678742735288e-16
6.512317206211898e-05 1.6343255792366966e-16
6.583232903741746e-05 1.582683420316541e-16
6.654920835792258e-05 1.5326871073729152e-16
6.72738941158982e-05 1.4842840852037e-16
6.800647131932855e-05 1.43742347808507e-16
6.874702590188998e-05 1.3920560360846667e-16
6.949564473303118e-05 1.3481340830910164e-16
7.025241562816333e-05 1.3056114665042938e-16
7.101742735896106e-05 1.264443508535353e-16
7.179076966377587e-05 1.2245869590615687e-16
7.257253325816208e-05 1.185999949989793e-16
7.336280984551897e-05 1.1486419510781127e-16
7.41616921278473e-05 1.1124737271699218e-16
7.496927381662369e-05 1.0774572967950592e-16
7.57856496437933e-05 1.0435558920943332e-16
7.661091537288215e-05 1.0107339200251334e-16
7.744516781023054e-05 9.789569248071582e-17
7.828850481634889e-05 9.481915515686219e-17
7.914102531739643e-05 9.184055111545853e-17
8.000282931678656e-05 8.895675460601771e-17
8.08740179069169e-05 8.616473974528511e-17
8.175469328102795e-05 8.346157732487886e-17
8.264495874519065e-05 8.084443172097707e-17
8.354491873042453e-05 7.831055790278905e-17
8.44546788049478e-05 7.585729853665313e-17
8.537434568656089e-05 7.348208118270301e-17
8.630402725516474e-05 7.118241558114429e-17
8.724383256541546e-05 6.895589102527543e-17
8.819387185951701e-05 6.680017381848008e-17
8.915425658015223e-05 6.47130048125087e-17
9.01250993835565e-05 6.269219702444442e-17
9.110651415273196e-05 6.073563332984577e-17
9.209861601080656e-05 5.884126422962527e-17
9.310152133453835e-05 5.700710568830826e-17
9.411534776796685e-05 5.5231237041390756e-17
9.51402142362131e-05 5.3511798969586147e-17
9.617624095942992e-05 5.1846991537823124e-17
9.722354946690439e-05 5.023507229692424e-17
9.828226261131275e-05 4.8674354445963495e-17
9.935250458313268e-05 4.716320505335801e-17
0.00010043440092521037 4.570004333482275e-17
0.00010152807854748742 4.42833389863658e-17
0.00010263366574188769 4.291161057056661e-17
0.00010375129219736635 4.1583423954433497e-17
0.00010488108901512288 4.029739079719173e-17
0.00010602318872397967 3.905216708640595e-17
0.00010717772529592807 3.784645172089208e-17
0.00010834483416184346 3.667898513892357e-17
0.00010952465222737237 3.554854799028229e-17
0.00011071731788899118 3.4453959850755756e-17
0.00011192297105024113 3.33940779777208e-17
0.00011314175313813911 3.236779610550273e-17
0.0001143738071197676 3.137404327923767e-17
0.00011561927751904513 3.0411782726007747e-17
0.00011687831043367946 2.9480010762057894e-17
0.00011815105355230537 2.8577755734941194e-17
0.00011943765617180861 2.770407699947692e-17
0.00012073826921483956 2.6858063926439666e-17
0.00012205304524751661 2.6038834942935137e-17
0.0001233821384973223 2.524553660344945e-17
0.0001247257048711955 2.4477342690591266e-17
0.0001260839019738191 2.373345334457947e-17
0.00012745688912610794 2.3013094220556967e-17
0.00012884482738389748 2.231551567284222e-17
0.00013024787955683622 2.163999196525793e-17
0.000131666210227484 2.0985820506703858e-17
0.00013309998577061744 2.0352321111168115e-17
0.00013454937437274708 1.9738835281395345e-17
0.0001360145460518458 1.9144725515457722e-17
0.0001374956726772921 1.8569374635496882e-17
0.00013899292799003163 1.8012185137928564e-17
0.00014050648762295724 1.7472578564425733e-17
0.00014203652912151118 1.694999489301646e-17
0.0001435832319645119 1.6443891948654588e-17
0.00014514677758520756 1.5953744832642028e-17
0.00014672734939255862 1.547904537030113e-17
0.000148325132792752 1.5019301576315054e-17
0.00014994031521095073 1.457403713717204e-17
0.00015157308611327827 1.4142790910169298e-17
0.00015322363702904477 1.37251164384469e-17
0.00015489216157321323 1.3320581481542137e-17
0.00015657885546911142 1.2928767560968614e-17
0.00015828391657139092 1.2549269520341547e-17
0.000160007544889236 1.2181695099585865e-17
0.0001617499426098254 1.182566452277817e-17
0.00016351131412204972 1.1480810099188458e-17
0.00016529186604048618 1.1146775837101165e-17
0.0001670918072296364 1.0823217070008287e-17
0.0001689113488284255 1.050980009478129e-17
0.00017075070427497062 1.0206201821439619e-17
0.00017261008933161715 9.912109434147444e-18
0.00017448972211024855 9.627220063080808e-18
0.0001763898230978716 9.351240466819416e-18
0.00017831061518248017 9.083886724928094e-18
0.00018025232367920106 8.82488394040372e-18
0.0001822151763567232 8.573965951673887e-18
0.000184199403464017 8.330875053842894e-18
0.00018620523775734256 8.09536172889151e-18
0.00018823291452755236 7.867184384545153e-18
0.0001902826716276925 7.646109101534595e-18
0.0001923547495009032 7.431909388982397e-18
0.0001944493912086235 7.224365947656108e-18
0.0001965668424591032 7.023266440837853e-18
0.00019870735163622535 6.828405272567691e-18
0.0002008711698286426 6.639583373025684e-18
0.00020305855085922986 6.456607990825334e-18
0.0002052697513148598 6.279292491997531e-18
0.0002075050305765008 6.10745616545189e-18
0.0002097646508496424 5.940924034708379e-18
0.00021204887719505414 5.7795266756987055e-18
0.00021435797755987737 5.623100040443523e-18
0.0002166922228090563 5.471485286417065e-18
0.00021905188675711148 5.324528611416945e-18
0.00022143724620025905 5.182081093762402e-18
0.00022384858094888014 5.043998537649663e-18
0.0002262861738603425 4.910141323498546e-18
0.00022875031087218238 4.780374263129165e-18
0.00023124128103564384 4.6545664596130866e-18
0.00023375937654958722 4.5325911716473606e-18
0.00023630489279476396 4.4143256823051585e-18
0.00023887812836846607 4.299651172020693e-18
0.00024147938511955244 4.188452595670731e-18
0.0002441089681838567 4.0806185636190435e-18
0.00024676718601998073 3.97604122659433e-18
0.000249454350445478 3.874616164275977e-18
0.0002521707766734299 3.776242277465971e-18
0.00025491678334942287 3.680821683728771e-18
0.00025769269258892454 3.588259616384943e-18
0.00026049883001507095 3.4984643267473234e-18
0.00026333552479686185 3.4113469894924616e-18
0.00026620310968777363 3.3268216110629216e-18
0.0002691019210647926 3.2448049409995253e-18
0.00027203229896787277 3.1652163861056645e-18
0.0002749945871398241 3.0879779273488458e-18
0.00027798913306663364 3.01301403940768e-18
0.0002810162880182281 2.940251612775289e-18
0.00028407640708967845 2.8696198783331348e-18
0.00028716984924285273 2.8010503343118686e-18
0.000290296977348525 2.734476675558499e-18
0.0002934581582289404 2.6698347250319536e-18
0.00029665376270084467 2.6070623674515096e-18
0.0002998841656189823 2.546099485025148e-18
0.00030314974592006796 2.4868878951873436e-18
0.00030645088666723757 2.429371290278166e-18
0.00030978797509498155 2.3734951790979204e-18
0.00031316140265457044 2.319206830273779e-18
0.0003165715650599725 2.2664552173771928e-18
0.00032001886233427136 2.215190965732925e-18
0.00032350369885659184 2.1653663008626793e-18
0.0003270264834095338 2.1169349985084537e-18
0.00033058762922712377 2.069852336182635e-18
0.00033418755404328874 2.024075046193862e-18
0.0003378266801408578 1.9795612700995895e-18
0.0003415054344010975 1.936270514538115e-18
0.000345224248353785 1.8941636083946383e-18
0.00034898355822783047 1.8532026612576014e-18
0.0003527838050024453 1.8133510231233874e-18
0.0003566254344588727 1.774573245308879e-18
0.00036050889723267807 1.7368350425331615e-18
0.00036443464886661036 1.7001032561310284e-18
0.00036840314986403866 1.6643458183624868e-18
0.00037241486574297053 1.6295317177838655e-18
0.00037647026709065917 1.5956309656474662e-18
0.00038056982961880495 1.5626145632980381e-18
0.0003847140342193563 1.5304544705356068e-18
0.00038890336702092294 1.499123574915322e-18
0.00039313831944579687 1.4685956619563023e-18
0.00039741938826760083 1.4388453862323343e-18
0.00040174707566955964 1.409848243318557e-18
0.0004061218893034084 1.3815805425690899e-18
0.0004105443423489418 1.3540193807016248e-18
0.0004150149535742115 1.3271426161658669e-18
0.00041953424739638013 1.3009288442735724e-18
0.0004241027539432349 1.2753573730687876e-18
0.00042872100911537644 1.2504081999176005e-18
0.0004333895546490799 1.226061988797553e-18
0.00043810893817984115 1.2023000482674796e-18
0.00044287971330661926 1.1791043100992207e-18
0.0004477024396567731 1.1564573085533298e-18
0.0004525776829517082 1.1343421602814327e-18
0.0004575060150732377 1.1127425448384903e-18
0.0004624880141306657 1.0916426857887455e-18
0.00046752426452860223 1.0710273323896368e-18
0.00047261535703551364 1.0508817418384564e-18
0.00047776188885302433 1.0311916620669488e-18
0.0004829644636859694 1.0119433150695354e-18
0.0004882236918132096 9.931233807512233e-19
0.0004935401901592217 9.747189812816448e-19
0.000498914582366464 9.567176659420964e-19
0.0005043474988685321 9.391073964527595e-19
0.0005098395769641108 9.218765327676552e-19
0.0005153914608917312 9.050138193252158e-19
0.0005210038019053422 8.885083717426767e-19
0.0005266772583507036 8.723496639428104e-19
0.0005324124957426146 8.565275157018049e-19
0.0005382101868429775 8.410320806074324e-19
0.0005440710117397183 8.258538344168738e-19
0.0005499956579265608 8.1098356380392255e-19
0.000555984820383673 7.96412355485506e-19
0.00056203920165919 7.821315857177727e-19
0.000568159511951625 7.681329101522542e-19
0.0005743464691931788 7.544082540428723e-19
0.0005806007991339551 7.4094980279483465e-19
0.0005869232354270917 7.277499928467295e-19
0.0005933145197148241 7.148015028773637e-19
0.0005997754017154781 7.02097245329203e-19
0.0006063066393114182 6.896303582404675e-19
0.0006129089986379471 6.77394197378253e-19
0.0006195832541731767 6.653823286652691e-19
0.0006263301888288769 6.535885208930567e-19
0.0006331505940423138 6.420067387148051e-19
0.0006400452698690877 6.306311359111385e-19
0.0006470150250769807 6.194560489225034e-19
0.0006540606772408309 6.084759906420199e-19
0.0006611830528384354 5.976856444629415e-19
0.0006683829873474958 5.870798585750856e-19
0.0006756613253436271 5.76653640504836e-19
0.0006830189205994264 5.664021518935842e-19
0.000690456636184624 5.563207035096697e-19
0.0006979753445673238 5.464047504891224e-19
0.0007055759277163471 5.366498878007135e-19
0.0007132592772046907 5.270518459310234e-19
0.0007210262943141088 5.176064867854285e-19
0.0007288778901408407 5.083097998010623e-19
0.0007368149857024823 4.991578982679956e-19
0.0007448385120460234 4.901470158549853e-19
0.0007529494103570661 4.81273503336263e-19
0.0007611486320702264 4.725338255159425e-19
0.0007694371389807409 4.639245583466571e-19
0.0007778159033572891 4.554423862390877e-19
0.0007862859080560431 4.470840995590266e-19
0.0007948481466359609 4.388465923085799e-19
0.0008035036234753307 4.307268599880289e-19
0.0008122533538895936 4.2272199763472116e-19
0.0008210983642504365 4.148291980352077e-19
0.0008300396921061949 4.07045750106567e-19
0.0008390783863035574 3.993690374425977e-19
0.0008482155071105994 3.917965370201744e-19
0.0008574521263411562 3.84325818060655e-19
0.0008667893274805499 3.7695454104072863e-19
0.0008762282058126862 3.696804568465318e-19
0.0008857698685485352 3.625014060642233e-19
0.0008954154349560075 3.5541531839950195e-19
0.0009051660364912544 3.484202122177507e-19
0.0009150228169313835 3.4151419419566053e-19
0.0009249869325086345 3.3469545907421707e-19
0.0009350595520460052 3.279622895019736e-19
0.0009452418570943586 3.213130559564468e-19
0.0009555350420710234 3.1474621673036684e-19
0.0009659403143999025 3.0826031796835683e-19
0.0009764588946531079 3.0185399373842107e-19
0.0009870920166941389 2.9552596612141587e-19
0.0009978409278226137 2.8927504530047364e-19
0.0010087068889205889 2.8310012963115287e-19
0.0010196911746004603 2.7700020567196615e-19
0.0010307950733544776 2.7097434815384975e-19
0.0010420198877058942 2.650217198661703e-19
0.001053366934361753 2.591415714360377e-19
0.0010648375443673417 2.5333324097699633e-19
0.0010764330632623302 2.475961535827026e-19
0.0010881548512386016 2.4192982064094803e-19
0.001100004283299814 2.3633383894340265e-19
0.0011119827494226896 2.308078895668021e-19
0.001124091654720062 2.2535173650194957e-19
0.0011363324196057042 2.1996522500794556e-19
0.0011487064799609419 2.1464827967049412e-19
0.0011612152873030942 2.0940090214496178e-19
0.001173860308955736 2.0422316856716112e-19
0.0011866430282208226 1.9911522661751677e-19
0.0011995649445526854 1.9407729222742875e-19
0.0012126275737339182 1.891096459202024e-19
0.0012258324480531914 1.8421262878286027e-19
0.0012391811164849892 1.793866380694813e-19
0.00125267514487131 1.7463212244131592e-19
0.001266316116105347 1.6994957685380523e-19
0.0012801056303171612 1.6533953710568232e-19
0.0012940453050613882 1.608025740704644e-19
0.0013081367755069801 1.5633928763580476e-19
0.001322381694629015 1.5195030038120878e-19
0.0013367817334025988 1.4763625102946956e-19
0.0013513385809988706 1.433977877117221e-19
0.0013660539449831558 1.3923556109013104e-19
0.0013809295515152633 1.351502173858528e-19
0.0013959671455519732 1.3114239136289753e-19
0.0014111684910517197 1.2721269932083523e-19
0.0014265353711815172 1.2336173215081686e-19
0.0014420695885261272 1.1959004851011478e-19
0.0014577729652995074 1.1589816817023814e-19
0.0014736473435585655 1.1228656559267538e-19
0.0014896945854192324 1.0875566378444366e-19
0.0015059165732749027 1.0530582848290755e-19
0.0015223152100172412 1.0193736271584489e-19
0.0015388924192593976 9.865050177851542e-20
0.001555650145561656 9.544540866465758e-20
0.0015725903546595307 9.232216998298646e-20
0.0015897150336943626 8.928079238500586e-20
0.0016070261914464124 8.632119952393759e-20
0.0016245258585704972 8.344322955840582e-20
0.0016422160878341954 8.064663320836697e-20
0.0016600989543586353 7.793107236476207e-20
0.0016781765558619248 7.529611924861199e-20
0.0016964510129052132 7.274125610991796e-20
0.0017149244691414415 7.026587545183719e-20
0.0017335990915668014 6.786928076129568e-20
0.0017524770707749249 6.555068772352594e-20
0.0017715606212138568 6.330922589501862e-20
0.0017908519814458118 6.114394080709543e-20
0.0018103534144097652 5.905379647071518e-20
0.0018300672076869053 5.703767825221728e-20
0.0018499956737689667 5.5094396089424e-20
0.0018701411503295046 5.322268801779477e-20
0.001890506000498103 5.1421223977079587e-20
0.0019110926131375803 4.968860987002488e-20
0.0019319034031242122 4.802339184605284e-20
0.0019529408116309968 4.642406078432557e-20
0.0019742073064140235 4.488905695209279e-20
0.0019957053821019416 4.3416774815596035e-20
0.002017437560488589 4.2005567981931674e-20
0.0020394063908288113 4.065375425107938e-20
0.002061614450137486 3.9359620757701403e-20
0.0020840643434918297 3.8121429182258116e-20
0.002106758704336973 3.6937421010468104e-20
0.002129700194794877 3.580582281916762e-20
0.002152891505976597 3.4724851565268275e-20
0.002176335358297978 3.3692719852852495e-20
0.0022000345017987514 3.270764115161794e-20
0.0022239917164651336 3.176783493801646e-20
0.0022482098125559237 3.087153172871064e-20
0.00227269163093215 3.001697797454745e-20
0.002297440043390325 2.920244078229298e-20
0.0023224579529993075 2.842621243103424e-20
0.002347748294440844 2.768661465054161e-20
0.002373314034353818 2.698200263009277e-20
0.0023991581716822394 2.6310768728312503e-20
0.002425283738027041 2.5671345857479588e-20
0.0024516937980016886 2.5062210519433748e-20
0.002478391449591671 2.4481885474580824e-20
0.002505379824517907 2.3928942030408547e-20
0.0025326620886040947 2.340200194122421e-20
0.00256024144214809 2.2899738916324427e-20
0.0025881211202973013 2.24208797393254e-20
0.0026163043934281835 2.1964205006730514e-20
0.00264479456752987 2.1528549498830626e-20
0.0026735949845919614 2.1112802200575255e-20
0.0027027090229965697 2.071590599400439e-20
0.0027321400979146023 2.033685704711453e-20
0.0027618916617063766 1.9974703926593118e-20
0.002791967204326594 1.962854646368351e-20
0.0028223702537337114 1.9297534403547108e-20
0.0028531043763038015 1.898086586890833e-20
0.002884173177248886 1.8677785668563875e-20
0.002915580301039844 1.838758348057613e-20
0.002947329431833922 1.810959193874051e-20
0.0029794242939068854 1.7843184649300138e-20
0.0030118686520899055 1.758777416296643e-20
0.0030446663122111763 1.734280992517585e-20
0.0030778211215423514 1.7107776225245743e-20
0.0031113369692498463 1.6882190162758545e-20
0.0031452177868510366 1.6665599647162082e-20
0.0031794675486754563 1.6457581444275488e-20
0.0032140902723309882 1.6257739281178698e-20
0.0032490900191751468 1.6065702018866934e-20
0.0032844708947914777 1.5881121900098106e-20
0.0033202370494711743 1.5703672878063076e-20
0.0033563926786999067 1.553304902987892e-20
0.0033929420236499717 1.5368963057444303e-20
0.0034298893716777955 1.5211144876906797e-20
0.003467239056826844 1.5059340296866884e-20
0.003504995460336039 1.491330978447789e-20
0.003543163011153679 1.4772827317784833e-20
0.0035817461864569716 1.463767932196773e-20
0.0036207495121772255 1.4507663686605596e-20
0.0036601775635307413 1.4382588860643915e-20
0.003700034965555522 1.4262273021419014e-20
0.0037403263936537897 1.4146543313856565e-20
0.0037810565741404297 1.4035235155806108e-20
0.0038222302847974055 1.3928191605389763e-20
0.0038638523554341934 1.3825262786220222e-20
0.003905927668454357 1.3726305366372072e-20
0.003948461159428256 1.3631182087062938e-20
0.003991457817672003 1.3539761337108954e-20
0.004034922686832738 1.3451916769356024e-20
0.004078860865480242 1.3367526955448027e-20
0.004123277507705044 1.3286475075469533e-20
0.004168177823722993 1.3208648639189798e-20
0.004213567080486439 1.3133939235831464e-20
0.00425945060230207 1.3062242309488682e-20
0.004305833771455449 1.2993456957521896e-20
0.004352722028842401 1.2927485749457067e-20
0.0044001208746072325 1.2864234564114758e-20
0.004448035868787918 1.2803612442885646e-20
0.004496472631968315 1.2745531457253896e-20
0.004545436845937461 1.2689906588846231e-20
0.004594934254356089 1.2636655620451729e-20
0.004644970663430364 1.2585699036615505e-20
0.00469555194259297 1.2536959932556907e-20
0.0047466840251916215 1.2490363930300554e-20
0.004798372909185044 1.2445839101035883e-20
0.004850624657846581 1.2403315892838094e-20
0.0049034454004754195 1.2362727062990615e-20
0.004956841333115584 1.2324007614247075e-20
0.005010818719282734 1.2287094734459241e-20
0.005065383890698924 1.2251927739077114e-20
0.005120543248035316 1.2218448016099056e-20
0.0051763032616630004 1.2186598973113535e-20
0.005232670472412003 1.2156325986130592e-20
0.0052896514923385166 1.2127576349951238e-20
0.0053472530055005555 1.210029922986652e-20
0.005405481768741993 1.2074445614516301e-20
0.0054643446124851645 1.2049968269770822e-20
0.005523848441532107 1.2026821693526451e-20
0.00558400023587449 1.2004962071331386e-20
0.0056448070515124245 1.198434723277747e-20
0.005706276021282136 1.1964936608611736e-20
0.00576841435569267 1.1946691188535308e-20
0.005831229343771718 1.1929573479669271e-20
0.005894728353920616 1.1913547465676428e-20
0.0059589188347787215 1.1898578566535374e-20
0.0060238083160971375 1.1884633598969291e-20
0.006089404409621983 1.1871680737535993e-20
0.006155714809987279 1.1859689476389073e-20
0.006222747295617535 1.1848630591722056e-20
0.006290509729640215 1.1838476104908561e-20
0.006359010060808085 1.1829199246352204e-20
0.0064282563244316355 1.1820774420059614e-20
0.006498256643321652 1.1813177168949629e-20
0.006569019228742024 1.1806384140910678e-20
0.0066405523813729906 1.180037305561709e-20
0.006712864492284813 1.1795122672113877e-20
0.006785964043922077 1.1790612757177668e-20
0.006859859611098722 1.1786824054460063e-20
0.006934559862003864 1.1783738254417797e-20
0.007010073559218646 1.1781337965032446e-20
0.007086409560744085 1.1779606683320737e-20
0.007163576821040159 1.1778528767634663e-20
0.007241584392076194 1.1778089410749271e-20
0.007320441424392663 1.1778274613734204e-20
0.007400157168174618 1.1779071160603735e-20
0.007480740974336737 1.1780466593738656e-20
0.007562202295620232 1.1782449190072113e-20
0.007644550687701654 1.178500793803025e-20
0.007727795810313854 1.1788132515217597e-20
0.007811947428379065 1.1791813266836012e-20
0.007897015413154374 1.1796041184825225e-20
0.007983009743389651 1.180080788771221e-20
0.008069940506498065 1.1806105601155943e-20
0.008157817899739414 1.1811927139173625e-20
0.008246652231416267 1.1818265886033605e-20
0.008336453922083167 1.182511577880039e-20
0.008427233505769004 1.1832471290516068e-20
0.008519001631212657 1.1840327414002976e-20
0.008611769063112182 1.1848679646271375e-20
0.008705546683387501 1.1857523973516684e-20
0.008800345492456908 1.1866856856689799e-20
0.008896176610527447 1.1876675217624733e-20
0.00899305127889933 1.1886976425707391e-20
0.009090980861284615 1.1897758285069416e-20
0.009189976845140184 1.1909019022291373e-20
0.009290050843015261 1.1920757274599148e-20
0.00939121459391361 1.1932972078538304e-20
0.009493479964670521 1.1945662859110538e-20
0.009596858951344892 1.1958829419357292e-20
0.009701363680626357 1.1972471930375325e-20
0.0098070064112578 1.1986590921749495e-20
0.00991379953547336 1.2001187272388308e-20
0.010021755580452029 1.2016262201747893e-20
0.010130887209787207 1.2031817261430636e-20
0.010241207224972121 1.20478543271447e-20
0.010352728566901514 1.2064375591011185e-20
0.010465464317389647 1.2081383554206001e-20
0.010579427700704806 1.2098881019923679e-20
0.01069463208512061 1.2116871086650921e-20
0.01081109098448411 1.2135357141737832e-20
0.010928818059801025 1.2154342855255216e-20
0.011047827120838223 1.217383217412663e-20
0.011168132127743615 1.2193829316524255e-20
0.011289747192683785 1.2214338766517956e-20
0.011412686581499357 1.2235365268967235e-20
0.011536964715378437 1.2256913824646203e-20
0.01166259617254823 1.227898968559189e-20
0.011789595689985171 1.2301598350666746e-20
0.011917978165143584 1.23247455613263e-20
0.012047758657703203 1.2348437297583453e-20
0.012178952391335743 1.2372679774161136e-20
0.012311574755490634 1.2397479436825371e-20
0.012445641307200321 1.2422842958891144e-20
0.012581167772905114 1.2448777237893798e-20
0.012718170050297956 1.2475289392418923e-20
0.01285666421018929 1.250238675908415e-20
0.012996666498392163 1.25300768896664e-20
0.013138193337627996 1.2558367548368636e-20
0.01328126132945296 1.2587266709220236e-20
0.013425887256205417 1.2616782553605646e-20
0.013572088082974545 1.2646923467916067e-20
0.013719880959590355 1.2677698041319313e-20
0.013869283222635491 1.2709115063643269e-20
0.014020312397478824 1.2741183523368596e-20
0.014172986200331241 1.2773912605726642e-20
0.014327322540323829 1.2807311690898821e-20
0.01448333952160862 1.2841390352313888e-20
0.01464105544548235 1.2876158355039926e-20
0.014800488812533204 1.2911625654268011e-20
0.014961658324811007 1.2947802393884813e-20
0.015124582888021054 1.2984698905131631e-20
0.015289281613741743 1.3022325705347644e-20
0.015455773821666529 1.3060693496795263e-20
0.015624079041870109 1.3099813165565864e-20
0.01579421701709939 1.313969578056424e-20
0.015966207705089393 1.3180352592570448e-20
0.01614007128090429 1.3221795033377848e-20
0.016315828139304094 1.3264034715006356e-20
0.01649349889713699 1.3307083428990107e-20
0.01667310439575775 1.3350953145738923e-20
0.016854665703472528 1.3395656013973084e-20
0.017038204118010145 1.3441204360231135e-20
0.01722374116902051 1.348761068845055e-20
0.017411298620600046 1.3534887679621171e-20
0.017600898473844707 1.3583048191511556e-20
0.017792562969430725 1.363210525846831e-20
0.017986314590223606 1.3682072091288785e-20
0.018182176063915388 1.3732962077167278e-20
0.01838017036569067 1.3784788779715258e-20
0.01858032072092171 1.383756593905586e-20
0.01878265060789276 1.3891307471993125e-20
0.018987183760554242 1.3946027472256307e-20
0.01919394417130677 1.400174021081957e-20
0.019402956093815524 1.4058460136297337e-20
0.019614244045855326 1.411620187541544e-20
0.019827832812186568 1.417498023355811e-20
0.020043747447462654 1.4234810195390698e-20
0.020262013279168933 1.4295706925557764e-20
0.02048265591059369 1.43576857694561e-20
0.02070570122383154 1.4420762254081766e-20
0.020931175382819377 1.4484952088950184e-20
0.02115910483640563 1.4550271167087814e-20
0.021389516321452706 1.461673556609359e-20
0.02162243686597333 1.4684361549267972e-20
0.021857893792301047 1.4753165566806867e-20
0.022095914720295127 1.4823164257057252e-20
0.022336527570580602 1.4894374447830805e-20
0.022579760567823345 1.496681315777105e-20
0.022825642244040954 1.5040497597769083e-20
0.023074201441949663 1.511544517242209e-20
0.023325467318347583 1.519167348152809e-20
0.023579469347535055 1.5269200321609632e-20
0.023836237324771962 1.5348043687458e-20
0.024095801369772848 1.5428221773688912e-20
0.02435819193024007 1.5509752976299267e-20
0.024623439785435332 1.5592655894213733e-20
0.02489157604979032 1.5676949330808746e-20
0.02516263217655644 1.5762652295400038e-20
0.025436639961494405 1.5849784004678936e-20
0.025713631546604006 1.5938363884081088e-20
0.025993639423894377 1.602841156906983e-20
0.026276696439195554 1.6119946906315245e-20
0.02656283579601131 1.621298995474804e-20
0.02685209105941407 1.630756098646618e-20
0.027144496159982108 1.6403680487470328e-20
0.02744008539777987 1.6501369158202676e-20
0.027738893446381373 1.6600647913861826e-20
0.02804095535693756 1.6701537884464883e-20
0.02834630656228793 1.6804060414625937e-20
0.028654982881116828 1.6908237063018418e-20
0.028967020522155246 1.7014089601487157e-20
0.029282456088428128 1.7121640013773824e-20
0.029601326581548036 1.723091049381805e-20
0.029923669406055595 1.7341923443594554e-20
0.030249522373807052 1.7454701470444922e-20
0.0305789237084099 1.7569267383861306e-20
0.030911912049706516 1.768564419167729e-20
0.03124852645830677 1.7803855095620308e-20
0.031588806420169986 1.7923923486178342e-20
0.03193279185123666 1.8045872936732558e-20
0.0322805231021109 1.8169727196906885e-20
0.03263204096279358 1.8295510185084454e-20
0.03298738666746714 1.8423245980040622e-20
0.03334660189933254 1.855295881164234e-20
0.033709728795498724 1.8684673050563353e-20
0.03407680995192559 1.8818413196966015e-20
0.034447888428420524 1.8954203868100967e-20
0.03482300775368952 1.9092069784777832e-20
0.035202211930443206 1.923203575666216e-20
0.035585545440558426 1.937412666635639e-20
0.03597305325029628 1.9518367452226358e-20
0.036364780815576696 1.9664783089938508e-20
0.03676077408731057 1.981339857267836e-20
0.03716107951679002 1.9964238890026324e-20
0.037565744061137094 2.0117329005473732e-20
0.03797481518881223 2.0272693832569944e-20
0.03838834088518232 2.0430358209699864e-20
0.038806369658149584 2.059034687350156e-20
0.039228950543841706 2.0752684430944957e-20
0.03965613311236384 2.0917395330104883e-20
0.04008796747361352 2.1084503829676327e-20
0.04052450428315858 2.1254033967294626e-20
0.040965794748179324 2.1426009526740894e-20
0.04141189063347506 2.1600454004131278e-20
0.04186284426753659 2.1777390573209443e-20
0.042318708548684324 2.19568420498831e-20
0.04277953695127345 2.2138830856169842e-20
0.04324538353196672 2.2323378983742928e-20
0.043716302936075285 2.2510507957294948e-20
0.044192350403969016 2.2700238797967166e-20
0.04467358177755622 2.2892591987122502e-20
0.04516005350683412 2.308758743077385e-20
0.04565182265651067 2.3285244425013346e-20
0.046148946912698205 2.348558162282447e-20
0.046651484589680554 2.3688617002696742e-20
0.04715949463675328 2.3894367839500927e-20
0.047673036645138625 2.4102850678123328e-20
0.048192170854975874 2.4314081310398146e-20
0.04871695816238749 2.4528074755918066e-20
0.0492474601266227 2.4744845247345148e-20
0.04978373897727843 2.4964406220884445e-20
0.05032585762159908 2.518677031262396e-20
0.050873879651855775 2.5411949361483008e-20
0.051427869352805786 2.563995441954809e-20
0.0519878917092336 2.5870795770609994e-20
0.052554012413573645 2.610448295774579e-20
0.053126297873616335 2.634102482081608e-20
0.0537048152202979 2.658042954476789e-20
0.05428963231557486 2.682270471964749e-20
0.05488081776038484 2.7067857413233468e-20
0.055478440902693354 2.731589425719582e-20
0.05608257184562872 2.7566821547673176e-20
0.05669328145570535 2.782064536113247e-20
0.05731064137113643 2.807737168633409e-20
0.05793472401023767 2.83370065731683e-20
0.05856560257992195 2.859955629905201e-20
0.059203351084286794 2.886502755348034e-20
0.05984804433329536 2.9133427641208275e-20
0.06049975795155163 2.9404764704395355e-20
0.06115856838717182 2.967904796387747e-20
0.061824552920751695 2.995628797953077e-20
0.062497789674431946 3.0236496929464575e-20
0.0631783576210622 3.0519688907517585e-20
0.06386633659346456 3.08058802382352e-20
0.06456180729379861 3.1095089808173126e-20
0.06526485130302778 3.138733941200128e-20
0.06597555109048926 3.168265411147474e-20
0.06669399002356755 3.19810626048908e-20
0.06742025237747416 3.2282597604168044e-20
0.06815442334513318 3.25872962161621e-20
0.0688965890471746 3.2895200324279594e-20
0.06964683654203677 3.320635696586794e-20
0.0704052538361782 3.3520818700249967e-20
0.07117192989440153 3.383864396164657e-20
0.07194695465028914 3.415989739059359e-20
0.07273041901675256 3.44846501368249e-20
0.07352241489669709 3.4812980125971436e-20
0.0743230351938019 3.514497228183212e-20
0.07513237382341847 3.548071869542502e-20
0.07595052572358679 3.5820318731542953e-20
0.07677758686617199 3.6163879063142294e-20
0.07761365426812226 3.651151362360884e-20
0.07845882600284892 3.686334346679803e-20
0.07931320121173122 3.7219496524767746e-20
0.08017688011574561 3.758010725333891e-20
0.0810499640272221 3.7945316156064847e-20
0.0819325553617286 3.831526917789613e-20
0.08282475765008421 3.869011696082251e-20
0.08372667555050432 3.907001395509041e-20
0.08463841486087693 3.9455117381255e-20
0.08556008253117323 3.9845586040358404e-20
0.08649178667599322 4.0241578971941657e-20
0.08743363658724758 4.064325396241106e-20
0.0883857427469785 4.105076590949123e-20
0.08934821684031918 4.146426505209425e-20
0.09032117176859501 4.188389507890411e-20
0.09130472166256733 4.230979113327703e-20
0.09229898189582092 4.2742077736648507e-20
0.09330406909829833 4.318086665745403e-20
0.09432010116998052 4.362625475753089e-20
0.09534719729471702 4.407832185298399e-20
0.09638547795420668 4.453712863145497e-20
0.0974350649421302 4.5002714672508653e-20
0.09849608137843745 4.547509662230423e-20
0.09956865172378947 4.5954266577696464e-20
0.10065290179415826 4.644019073825537e-20
0.1017489587755853 4.693280838722388e-20
0.102856951239101 4.7432031263974573e-20
0.10397700915580663 4.793774339089319e-20
0.10510926391211949 4.8449801416618005e-20
0.10625384832518629 4.896803553501628e-20
0.10741089665846218 4.949225103498662e-20
0.10858054463746043 5.002223052996832e-20
0.10976292946567358 5.055773690773105e-20
0.11095818984066776 5.1098517030454234e-20
0.11216646597035237 5.164430620213884e-20
0.11338789958942704 5.219483340490198e-20
0.11462263397600739 5.274982728759934e-20
0.11587081396843237 5.330902286945829e-20
0.11713258598225329 5.3872168897996753e-20
0.1184080980274103 5.443903577454824e-20
0.11969749972559338 5.500942393239527e-20
0.12100094232779378 5.558317252216582e-20
0.12231857873204624 5.61601682272351e-20
0.1236505635013644 5.674035399907984e-20
0.1249970528818715 5.732373746974631e-20
0.1263582048211287 5.791039876697664e-20
0.12773417898666292 5.850049742853722e-20
0.12912513678469542 5.909427808765921e-20
0.13053124137907685 5.96920745833017e-20
0.1319526577104258 6.029431213951694e-20
0.13338955251547713 6.090150726013084e-20
0.13484209434664074 6.151426500094867e-20
0.1363104535917734 6.213327331447977e-20
0.13779480249416562 6.275929421426102e-20
0.13929531517274651 6.33931515793314e-20
0.14081216764250842 6.403571551563574e-20
0.14234553783515433 6.46878833104537e-20
0.1438956056199687 6.535055715735218e-20
0.1454625528249185 6.602461899002197e-20
0.1470465632579809 6.671090293920429e-20
0.14864782272870505 6.7410166111352e-20
0.15026651907000801 6.812305857240502e-20
0.1519028421602081 6.885009359517572e-20
0.1535569839452984 6.959161938319239e-20
0.15522913846146255 7.034779360568975e-20
0.15691950185783576 7.111856215614037e-20
0.15862827241951422 7.190364356958148e-20
0.1603556505908131 7.270252049298392e-20
0.16210183899878147 7.351443949134705e-20
0.16386704247696965 7.433842028615563e-20
0.16565146808945716 7.517327526139314e-20
0.16745532515514217 7.601763973747987e-20
0.1692788252722951 7.687001311006483e-20
0.17112218234337995 7.772881048574558e-20
0.17298561260014558 7.859242392989637e-20
0.17486933462899054 7.945929188437917e-20
0.17677356939660427 8.032797472893836e-20
0.1786985402758857 8.119723386662397e-20
0.18064447307214787 8.20661111320355e-20
0.18261159604960414 8.293400477866922e-20
0.18460013995814473 8.380073783276862e-20
0.1866103380604043 8.466661424912392e-20
0.18864242615912458 8.553245812193628e-20
0.19069664262481464 8.639963125233756e-20
0.1927732284237127 8.72700247200554e-20
0.1948724271460524 8.814602081614436e-20
0.19699448503463543 8.903042282291384e-20
0.19913965101371872 8.992635170999932e-20
0.20130817671821263 9.08371108484018e-20
0.20350031652319892 9.176602227126716e-20
0.20571632757376968 9.271624071049704e-20
0.2079564698151914 9.369055442152661e-20
0.2102210060233973 9.469118442032791e-20
0.21251020183581187 9.571959589792631e-20
0.21482432578251098 9.677633693778664e-20
0.21716364931772167 9.786091996035334e-20
0.21952844685166303 9.897176035179414e-20
0.22191899578273783 1.0010618440703686e-19
0.22433557653007072 1.012605150679173e-19
0.22677847256640257 1.0243023913158072e-19
0.2292479704513428 1.036102539128435e-19
0.23174435986498373 1.0479518510534137e-19
0.23426793364188106 1.059797611675014e-19
0.2368189878054042 1.0715922333086597e-19
0.23939782160246087 1.0832974465768187e-19
0.2420047375386002 1.0948882684574378e-19
0.24464004141349552 1.1063564012784643e-19
0.24730404235681883 1.1177127016968244e-19
0.24999705286450052 1.128988369742758e-19
0.25271938883538686 1.1402345517819134e-19
0.2554713696082957 1.1515201348334493e-19
0.25825331799947615 1.1629276380950339e-19
0.26106556034047596 1.1745472809748426e-19
0.26390842651642116 1.1864695177441576e-19
0.2667822500047127 1.1987765590640559e-19
0.26968736791414494 1.211533621120959e-19
0.27262412102444766 1.2247808165622687e-19
0.2755928538262634 1.238526688316914e-19
0.27859391456155574 1.252744354947713e-19
0.2816276552644592 1.2673710676075996e-19
0.2846944318025745 1.2823116792412439e-19
0.2877946039187124 1.2974461241529437e-19
0.29092853527309337 1.3126405449102872e-19
0.29409659348600553 1.3277612352527912e-19
0.29729915018092856 1.342690141316312e-19
0.3005365810281239 1.3573403205740759e-19
0.3038092657887059 1.3716695331938486e-19
0.30711758835918607 1.385690067600638e-19
0.3104619368165066 1.399473019533859e-19
0.31384270346356263 1.4131455966482383e-19
0.3172602848752209 1.4268806505313178e-19
0.32071508194483905 1.44087856100985e-19
0.3242074999312919 1.455342771112855e-19
0.3277379485065095 1.4704515616692193e-19
0.3313068418035337 1.4863298275792713e-19
0.33491459846509464 1.5030253692001595e-19
0.3385616416927228 1.520494249579203e-19
0.34224839929638934 1.538598919230105e-19
0.3459753037446902 1.5571211094918626e-19
0.34974279221557625 1.5757891988984448e-19
0.3535513066476353 1.5943172669248306e-19
0.3574012937919333 1.612450791222398e-19
0.3612932052644195 1.630012261757251e-19
0.3652274975989025 1.6469391098185122e-19
0.36920463230060385 1.6633064459256523e-19
0.3732250759002912 1.679328332314858e-19
0.37728930000900834 1.695333859135466e-19
0.38139778137339364 1.7117182321623517e-19
0.3855510019316047 1.728874179459884e-19
0.3897494488698514 1.747114446389315e-19
0.39399361467954436 1.7666005439563365e-19
0.39828399721506563 1.7872945105124564e-19
0.40262109975216887 1.8089479261448739e-19
0.40700543104701503 1.831135668809733e-19
0.411437505395852 1.853332300316394e-19
0.4159178426953398 1.8750188960861164e-19
0.42044696850354146 1.8957999838960103e-19
0.42502541410156885 1.9155056895812896e-19
0.42965371655590495 1.9342540377504972e-19
0.43433241878140316 1.952453087055373e-19
0.4390620696049732 1.970732611879382e-19
0.4438432238299602 1.9898103275249735e-19
0.44867644230122494 2.010316430912388e-19
0.45356229197093356 2.0326177930815497e-19
0.4585013459650594 2.056692264988122e-19
0.46349418365061806 2.0820976108971937e-19
0.46854139070362505 2.1080570743552783e-19
0.4736435591777987 2.133650479643926e-19
0.47880128757400986 2.1580669380412208e-19
0.48401518091048806 2.1808528066326677e-19
0.489285850793792 2.2020821786525477e-19
0.49461391549055306 2.222388608359269e-19
0.5 2.2428263921402454e-19
